0.001 0.9 0.999 1e-07 4layers_15_25_15_10
0.001 0.9 0.5 1e-07 4layers_15_25_15_10
0.001 0.9 0.1 1e-07 4layers_15_25_15_10
0.001 0.5 0.999 1e-07 4layers_15_25_15_10
0.001 0.5 0.5 1e-07 4layers_15_25_15_10
0.001 0.5 0.1 1e-07 4layers_15_25_15_10
0.001 0.1 0.999 1e-07 4layers_15_25_15_10
0.001 0.1 0.5 1e-07 4layers_15_25_15_10
0.001 0.1 0.1 1e-07 4layers_15_25_15_10
0.0001 0.9 0.999 1e-07 4layers_15_25_15_10
0.0001 0.9 0.5 1e-07 4layers_15_25_15_10
0.0001 0.9 0.1 1e-07 4layers_15_25_15_10
0.0001 0.5 0.999 1e-07 4layers_15_25_15_10
0.0001 0.5 0.5 1e-07 4layers_15_25_15_10
0.0001 0.5 0.1 1e-07 4layers_15_25_15_10
0.0001 0.1 0.999 1e-07 4layers_15_25_15_10
0.0001 0.1 0.5 1e-07 4layers_15_25_15_10
0.0001 0.1 0.1 1e-07 4layers_15_25_15_10
0.00001 0.9 0.999 1e-07 4layers_15_25_15_10
0.00001 0.9 0.5 1e-07 4layers_15_25_15_10
0.00001 0.9 0.1 1e-07 4layers_15_25_15_10
0.00001 0.5 0.999 1e-07 4layers_15_25_15_10
0.00001 0.5 0.5 1e-07 4layers_15_25_15_10
0.00001 0.5 0.1 1e-07 4layers_15_25_15_10
0.00001 0.1 0.999 1e-07 4layers_15_25_15_10
0.00001 0.1 0.5 1e-07 4layers_15_25_15_10
0.00001 0.1 0.1 1e-07 4layers_15_25_15_10